39
35
39
39
35
26
39
39
39
34
33
39
38
39
27
25
27
34
25
31
39
31
36
36
39
34
38
38
39
35
34
35
31
26
34
37
38
36
39
39
36
39
39
33
29
35
32
39
33
39
18
16
15
23
12
23
14
28
20
21
27
17
27
19
30
19
17
28
2
27
10
25
7
22
21
19
13
13
17
29
26
28
29
7
17
14
14
21
26
22
22
19
28
28
21
25
25
22
28
26
0
2
5
12
0
7
0
14
11
1
7
6
7
0
0
0
13
6
7
4
4
0
8
8
7
13
8
8
4
15
11
7
0
18
19
5
0
13
9
6
0
1
2
0
0
0
6
7
0
12
