39
7
0
4
37
33
29
32
13
4
39
32
7
10
39
39
33
32
38
34
33
31
39
24
32
6
25
38
36
0
5
26
39
39
5
0
39
39
10
33
31
17
0
26
31
11
39
0
38
32
38
30
37
4
35
18
3
0
30
0
0
0
8
21
21
35
0
14
39
7
0
25
39
15
29
31
39
28
4
12
6
8
16
34
0
0
32
10
22
4
10
22
15
0
4
26
21
27
0
21
12
28
20
24
19
16
34
16
23
12
4
24
8
28
0
4
9
15
16
39
10
28
17
29
9
13
30
0
22
17
20
15
21
11
13
16
9
8
0
8
7
5
28
17
12
1
27
5
5
4
